bluetored = [   0         0    0.3922;
    0.0013    0.0013    0.4327;
    0.0026    0.0026    0.4732;
    0.0039    0.0039    0.5137;
    0.0052    0.0052    0.5542;
    0.0065    0.0065    0.5948;
    0.0078    0.0078    0.6353;
    0.0092    0.0092    0.6758;
    0.0105    0.0105    0.7163;
    0.0118    0.0118    0.7569;
    0.0131    0.0131    0.7974;
    0.0144    0.0144    0.8379;
    0.0157    0.0157    0.8784;
    0.0170    0.0170    0.9190;
    0.0183    0.0183    0.9595;
    0.0196    0.0196    1.0000;
    0.0484    0.0484    1.0000;
    0.0773    0.0773    1.0000;
    0.1061    0.1061    1.0000;
    0.1349    0.1349    1.0000;
    0.1638    0.1638    1.0000;
    0.1926    0.1926    1.0000;
    0.2215    0.2215    1.0000;
    0.2503    0.2503    1.0000;
    0.2791    0.2791    1.0000;
    0.3080    0.3080    1.0000;
    0.3368    0.3368    1.0000;
    0.3656    0.3656    1.0000;
    0.3945    0.3945    1.0000;
    0.4233    0.4233    1.0000;
    0.4521    0.4521    1.0000;
    0.4810    0.4810    1.0000;
    0.5098    0.5098    1.0000;
    0.5386    0.5386    1.0000;
    0.5675    0.5675    1.0000;
    0.5963    0.5963    1.0000;
    0.6251    0.6251    1.0000;
    0.6540    0.6540    1.0000;
    0.6828    0.6828    1.0000;
    0.7116    0.7116    1.0000;
    0.7405    0.7405    1.0000;
    0.7693    0.7693    1.0000;
    0.7982    0.7982    1.0000;
    0.8270    0.8270    1.0000;
    0.8558    0.8558    1.0000;
    0.8847    0.8847    1.0000;
    0.9135    0.9135    1.0000;
    0.9423    0.9423    1.0000;
    0.9712    0.9712    1.0000;
    1.0000    1.0000    1.0000;
    1.0000    1.0000    1.0000;
    1.0000    0.9714    0.9714;
    1.0000    0.9429    0.9429;
    1.0000    0.9143    0.9143;
    1.0000    0.8857    0.8857;
    1.0000    0.8571    0.8571;
    1.0000    0.8286    0.8286;
    1.0000    0.8000    0.8000;
    1.0000    0.7714    0.7714;
    1.0000    0.7429    0.7429;
    1.0000    0.7143    0.7143;
    1.0000    0.6857    0.6857;
    1.0000    0.6571    0.6571;
    1.0000    0.6286    0.6286;
    1.0000    0.6000    0.6000;
    1.0000    0.5714    0.5714;
    1.0000    0.5429    0.5429;
    1.0000    0.5143    0.5143;
    1.0000    0.4857    0.4857;
    1.0000    0.4571    0.4571;
    1.0000    0.4286    0.4286;
    1.0000    0.4000    0.4000;
    1.0000    0.3714    0.3714;
    1.0000    0.3429    0.3429;
    1.0000    0.3143    0.3143;
    1.0000    0.2857    0.2857;
    1.0000    0.2571    0.2571;
    1.0000    0.2286    0.2286;
    1.0000    0.2000    0.2000;
    1.0000    0.1714    0.1714;
    1.0000    0.1429    0.1429;
    1.0000    0.1143    0.1143;
    1.0000    0.0857    0.0857;
    1.0000    0.0571    0.0571;
    1.0000    0.0286    0.0286;
    1.0000         0         0;
    0.9566         0         0;
    0.9132         0         0;
    0.8697         0         0;
    0.8263         0         0;
    0.7829         0         0;
    0.7395         0         0;
    0.6961         0         0;
    0.6527         0         0;
    0.6092         0         0;
    0.5658         0         0;
    0.5224         0         0;
    0.4790         0         0;
    0.4356         0         0;
    0.3922         0         0];
