bluetored = [ ...
    0         0         0.3922;
    0.0013    0.0013    0.4327;
    0.0026    0.0026    0.4732;
    0.0039    0.0039    0.5137;
    0.0052    0.0052    0.5542;
    0.0065    0.0065    0.5948;
    0.0078    0.0078    0.6353;
    0.0092    0.0092    0.6758;
    0.0105    0.0105    0.7163;
    0.0118    0.0118    0.7569;
    0.0131    0.0131    0.7974;
    0.0144    0.0144    0.8379;
    0.0157    0.0157    0.8784;
    0.0170    0.0170    0.9190;
    0.0183    0.0183    0.9595;
    0.0196    0.0196    1.0000;
    0.0484    0.0484    1.0000;
    0.0773    0.0773    1.0000;
    0.1061    0.1061    1.0000;
    0.1349    0.1349    1.0000;
    0.1638    0.1638    1.0000;
    0.1926    0.1926    1.0000;
    0.2215    0.2215    1.0000;
    0.2503    0.2503    1.0000;
    0.2791    0.2791    1.0000;
    0.3080    0.3080    1.0000;
    0.3368    0.3368    1.0000;
    0.3656    0.3656    1.0000;
    0.3945    0.3945    1.0000;
    0.4233    0.4233    1.0000;
    0.4521    0.4521    1.0000;
    0.4810    0.4810    1.0000;
    0.5098    0.5098    1.0000;
    0.5386    0.5386    1.0000;
    0.5675    0.5675    1.0000;
    0.5963    0.5963    1.0000;
    0.6251    0.6251    1.0000;
    0.6540    0.6540    1.0000;
    0.6828    0.6828    1.0000;
    0.7116    0.7116    1.0000;
    0.7405    0.7405    1.0000;
    0.7693    0.7693    1.0000;
    0.7982    0.7982    1.0000;
    0.8270    0.8270    1.0000;
    0.8558    0.8558    1.0000;
    0.8847    0.8847    1.0000;
    0.9135    0.9135    1.0000;
    0.9423    0.9423    1.0000;
    0.9712    0.9712    1.0000;
    1.0000    1.0000    1.0000;
    1.0000    1.0000    1.0000;
    1.0000    0.9714    0.9714;
    1.0000    0.9429    0.9429;
    1.0000    0.9143    0.9143;
    1.0000    0.8857    0.8857;
    1.0000    0.8571    0.8571;
    1.0000    0.8286    0.8286;
    1.0000    0.8000    0.8000;
    1.0000    0.7714    0.7714;
    1.0000    0.7429    0.7429;
    1.0000    0.7143    0.7143;
    1.0000    0.6857    0.6857;
    1.0000    0.6571    0.6571;
    1.0000    0.6286    0.6286;
    1.0000    0.6000    0.6000;
    1.0000    0.5714    0.5714;
    1.0000    0.5429    0.5429;
    1.0000    0.5143    0.5143;
    1.0000    0.4857    0.4857;
    1.0000    0.4571    0.4571;
    1.0000    0.4286    0.4286;
    1.0000    0.4000    0.4000;
    1.0000    0.3714    0.3714;
    1.0000    0.3429    0.3429;
    1.0000    0.3143    0.3143;
    1.0000    0.2857    0.2857;
    1.0000    0.2571    0.2571;
    1.0000    0.2286    0.2286;
    1.0000    0.2000    0.2000;
    1.0000    0.1714    0.1714;
    1.0000    0.1429    0.1429;
    1.0000    0.1143    0.1143;
    1.0000    0.0857    0.0857;
    1.0000    0.0571    0.0571;
    1.0000    0.0286    0.0286;
    1.0000         0         0;
    0.9566         0         0;
    0.9132         0         0;
    0.8697         0         0;
    0.8263         0         0;
    0.7829         0         0;
    0.7395         0         0;
    0.6961         0         0;
    0.6527         0         0;
    0.6092         0         0;
    0.5658         0         0;
    0.5224         0         0;
    0.4790         0         0;
    0.4356         0         0;
    0.3922         0         0];

coolwarm = [ ...
         0.2314    0.2980    0.7529; ...
         0.2428    0.3158    0.7682; ...
         0.2542    0.3335    0.7834; ...
         0.2656    0.3513    0.7986; ...
         0.2770    0.3690    0.8126; ...
         0.2884    0.3868    0.8266; ...
         0.2998    0.4045    0.8405; ...
         0.3123    0.4212    0.8534; ...
         0.3249    0.4377    0.8661; ...
         0.3376    0.4542    0.8788; ...
         0.3512    0.4707    0.8906; ...
         0.3651    0.4871    0.9020; ...
         0.3791    0.5036    0.9134; ...
         0.3922    0.5193    0.9232; ...
         0.4049    0.5345    0.9321; ...
         0.4176    0.5497    0.9409; ...
         0.4309    0.5649    0.9491; ...
         0.4449    0.5802    0.9567; ...
         0.4588    0.5954    0.9643; ...
         0.4728    0.6100    0.9708; ...
         0.4867    0.6240    0.9759; ...
         0.5007    0.6379    0.9810; ...
         0.5146    0.6519    0.9856; ...
         0.5285    0.6658    0.9894; ...
         0.5425    0.6797    0.9932; ...
         0.5564    0.6930    0.9964; ...
         0.5704    0.7045    0.9977; ...
         0.5843    0.7159    0.9989; ...
         0.5983    0.7273    1.0000; ...
         0.6122    0.7387    1.0000; ...
         0.6261    0.7501    1.0000; ...
         0.6401    0.7613    0.9998; ...
         0.6540    0.7702    0.9973; ...
         0.6680    0.7791    0.9948; ...
         0.6819    0.7880    0.9922; ...
         0.6946    0.7968    0.9872; ...
         0.7073    0.8057    0.9822; ...
         0.7200    0.8146    0.9771; ...
         0.7327    0.8212    0.9709; ...
         0.7453    0.8276    0.9646; ...
         0.7580    0.8339    0.9582; ...
         0.7707    0.8393    0.9509; ...
         0.7834    0.8443    0.9433; ...
         0.7960    0.8494    0.9357; ...
         0.8078    0.8527    0.9264; ...
         0.8193    0.8553    0.9162; ...
         0.8307    0.8578    0.9061; ...
         0.8413    0.8603    0.8952; ...
         0.8515    0.8629    0.8838; ...
         0.8616    0.8654    0.8724; ...
         0.8717    0.8635    0.8591; ...
         0.8819    0.8572    0.8439; ...
         0.8920    0.8508    0.8286; ...
         0.9016    0.8445    0.8134; ...
         0.9105    0.8381    0.7982; ...
         0.9194    0.8318    0.7830; ...
         0.9275    0.8247    0.7678; ...
         0.9338    0.8158    0.7526; ...
         0.9401    0.8069    0.7374; ...
         0.9462    0.7978    0.7222; ...
         0.9513    0.7876    0.7070; ...
         0.9563    0.7775    0.6917; ...
         0.9611    0.7672    0.6764; ...
         0.9636    0.7558    0.6599; ...
         0.9662    0.7444    0.6434; ...
         0.9686    0.7329    0.6270; ...
         0.9686    0.7203    0.6118; ...
         0.9686    0.7076    0.5966; ...
         0.9686    0.6949    0.5813; ...
         0.9686    0.6810    0.5649; ...
         0.9686    0.6671    0.5485; ...
         0.9686    0.6532    0.5320; ...
         0.9654    0.6381    0.5166; ...
         0.9616    0.6229    0.5014; ...
         0.9578    0.6077    0.4862; ...
         0.9540    0.5916    0.4709; ...
         0.9502    0.5751    0.4557; ...
         0.9464    0.5586    0.4405; ...
         0.9409    0.5413    0.4253; ...
         0.9346    0.5235    0.4101; ...
         0.9283    0.5058    0.3949; ...
         0.9205    0.4873    0.3804; ...
         0.9116    0.4683    0.3664; ...
         0.9028    0.4493    0.3525; ...
         0.8939    0.4297    0.3386; ...
         0.8850    0.4094    0.3246; ...
         0.8761    0.3891    0.3107; ...
         0.8663    0.3689    0.2967; ...
         0.8549    0.3486    0.2828; ...
         0.8435    0.3283    0.2688; ...
         0.8317    0.3073    0.2553; ...
         0.8191    0.2845    0.2426; ...
         0.8064    0.2617    0.2299; ...
         0.7935    0.2379    0.2175; ...
         0.7795    0.2100    0.2061; ...
         0.7656    0.1821    0.1947; ...
         0.7515    0.1526    0.1832; ...
         0.7363    0.1070    0.1718; ...
         0.7211    0.0613    0.1604; ...
         0.7059    0.0157    0.1490];
     
